000000000
000000000
000000000
000000000
000000000
000000000
000000000
000000000
000000000
000000000
000000000
000000000
000000000
000000000
000000000
000000000
000000000
000000000
000000000
000000000
111111110
000000000
000000000
000000000
000000000
000000000
000000000
000000000
111111110
000000000
000000000
000000000
000000000
000000000
000000000
000000000
111111110
111111110
000000000
000000000
000000000
000000000
000000000
000000000
111111110
111111110
000000000
000000000
000000000
111111110
111111110
111111110
111111110
111111110
111111110
000000000
000000000
111111110
111111110
111111110
111111110
111111110
111111110
111111110
000000000
111111110
111111110
111111110
111111110
111111110
111111110
111111110
000000000
111111110
111111110
111111110
111111110
111111110
111111110
111111110
000000000
111111110
111111110
111111110
111111110
111111110
111111110
000000000
000000000
000000000
000000000
000000000
111111110
111111110
000000000
000000000
000000000
000000000
000000000
000000000
111111110
111111110
000000000
000000000
000000000
000000000
000000000
000000000
111111110
000000000
000000000
000000000
000000000
000000000
000000000
000000000
111111110
000000000
000000000
000000000
000000000
000000000
000000000
000000000
000000000
000000000
000000000
000000000
